80.85         Young   3  89.81  67.10  80.85  D
76.20         Venus   8  72.29  73.59  76.20  A
63.88        Jasmin   6  55.19  50.51  63.88  F
99.00       Micheal   3  98.93  91.37  99.00  C
57.36         Abram   2  50.23  90.14  57.36  E
77.05     Rigoberto   8  61.63  94.64  77.05  B
64.60           Noe   2  68.41  61.79  64.60  A
65.16       Kristin   5  77.34  84.68  65.16  B
52.39       Phillip   6  63.19  76.08  52.39  B
80.15       Monique   6  81.76  57.62  80.15  A
93.58         Verda  10  93.03  56.21  93.58  C
61.91        Louise   2  70.30  71.37  61.91  C
76.72         Vilma   9  71.09  93.43  76.72  G
